area=324.0, perimeter=72.0
area=389.7114317029974, perimeter=90.0
area=452.3893421169302, perimeter=75.39822368615503